
strategic_region={
	id=117
	name="STRATEGICREGION_117"
	provinces={
		492 638 702 788 801 822 847 860 862 865 866 873 880 891 894 951 968 1019 1077 1132 1163 1433 1480 1485 1506 1547 1556 1572 1584 1587 1843 1913 3687 3693 3697 3802 3823 3824 3847 3850 3863 3880 3897 3917 3925 3941 3957 3994 4168 4491 4594 4622 4627 4653 4756 5059 5090 6823 6845 6846 6850 6869 6872 6882 6885 6892 6929 6943 6958 6971 6984 7012 7045 7083 7118 7134 7138 7202 7388 7422 7466 7480 7527 7558 7583 7588 7612 7640 7643 7646 5819 5726 5714 5706 5705 5699 5690 5682 5662 5654 5624 5620 5607 5591 5557 5527 5513 5509 5482 5472 5375 5202 5191 5164 5149 5136 5130 5113 5111 5109 5080 5076 5037 5027 5025 4991 2939 2711 2710 2703 2696 2688 2687 2686 2683 2679 2677 2662 2647 2636 2633 2629 2613 2602 2573 2512 2258 2238 2208 2199 2144 2140 2117 2090 1715 1699 1598 
	}
	weather={

	}
}
