
strategic_region={
	id=118
	name="STRATEGICREGION_118"
	provinces={
		505 528 610 677 710 766 768 781 823 941 986 1320 1414 1432 1562 1601 1651 1690 3471 3513 3588 3644 3677 3678 3784 3840 4274 4296 4328 4331 4347 4380 4398 4518 4657 4727 4747 4826 6482 6665 6681 6694 6699 6745 6757 6772 6861 6876 6881 7255 7315 7386 7398 7414 7442 7517 7667 7721 7865 5835 5810 5783 5772 5753 5694 5669 5630 5419 5415 5410 5408 5386 5368 5288 5252 5223 5153 5056 4862 4722 4717 4714 2959 2792 2756 2718 2704 2699 2680 2652 2643 2428 2399 2368 2365 2298 2275 2215 2030 1859 7882
	}
	weather={

	}
}
