
strategic_region={
	id=121
	name="STRATEGICREGION_121"
	provinces={
		373 602 605 722 749 774 777 779 983 1299 1341 1356 1426 1657 1764 1769 1782 1785 3605 3608 3635 3640 3661 3775 3778 3911 4419 4666 4720 4769 4775 4784 4787 4869 4875 6510 6607 6630 6740 6797 7366 7435 7683 7758 7788 7807 7810 7875 7893 7899 6032 6012 5898 5814 5312 4974 4707 4693 4688 2771 2373 2354 2303 2301 2084 2079 1970 1848 1805 820
	}
	weather={
		period={
			between={ 0.0 30.11 }
			temperature={ -5.0 7.0 }
			temperature_day_night={ 5.0 -5.0 }
			no_phenomenon=0
			rain_light=0
			rain_heavy=0
			snow=0
			blizzard=0.000
			arctic_water=0.000
			mud=0.00
			sandstorm=0.000
			min_snow_level=0.000
		}
	}
}
