
strategic_region={
	id=138
	name="STRATEGICREGION_138"
	provinces={
		123 189 206 237 273 278 291 361 390 1210 1254 1258 1278 1305 1334 1336 1350 1365 1378 1380 1406 1754 3127 3280 3289 3563 4215 4261 4265 4283 4294 4311 4314 4322 4326 4354 4372 4383 4394 4411 4758 4802 6025 6246 6285 7237 7281 7300 7313 7320 7328 7341 7343 7346 7370 7373 7375 7401 7416 7431 7444 6660 6331 6128 5437 5425 5381 5344 5338 5308 5304 5271 5256 5243 5219 3967 3866 3835 3825 3600 3329 2464 2452 2451 2410 2406 2396 2380 2360 2338 2310 2278 2057 1956 1923 
	}
	weather={

	}
}
