
strategic_region={
	id=149
	name="STRATEGICREGION_149"
	provinces={
		1666 1672 1696 1707 1727 1761 1762 1803 1810 1813 1826 1829 1876 4675 4677  4705 4716 4719 4750 4766 4795 4797 4815 4832 4835 4837 4868 7713 7725  7736 7751 7759  7786 7816 7828 7838 7841 7854 7860 7876 4981 4979 4949  4939 4936 4935 4929 4925 4912  4896 4828 4793 4786 4777 4772  4762 4964 4733 4729 2078 2076 2062 2060  2043 2041 2023 1988  1930 1906 1902 1899 1895 830 
	}
	weather={
		period={
			between={ 0.0 30.11 }
			temperature={ -5.0 7.0 }
			temperature_day_night={ 5.0 -5.0 }
			no_phenomenon=0
			rain_light=0
			rain_heavy=0
			snow=0
			blizzard=0.000
			arctic_water=0.000
			mud=0.00
			sandstorm=0.000
			min_snow_level=0.000
		}
	}
}
