
strategic_region={
	id=198
	name="STRATEGICREGION_198"
	provinces={
		659 689 691 695 709 720 751 831 870 882 913 926 954 971 1445 1453 1503 1523 1527 1528 1534 1559 1560 1582 1595 1604 1615 1621 1643 1646 1678 1719 1734 1758 1760 1770 1831 1849 1866 1867 1881 1987 3699 3766 3829 3853 4029 4166 4402 4444 4452 4464 4507 4508 4510 4522 4531 4535 4565 4567 4569 4590 4601 4625 4650 4664 4691 4738 4807 4854 4988 6696 6710 6737 6767 6769 6782 6855 6890 6974 7306 7420 7449 7464 7485 7524 7528 7547 7552 7555 7599 7611 7615 7626 7668 7791 7797 7850 7745 7722 6063 5824 5799 5795 5756 5736 5715 5695 5652 5646 5632 5330 5277 5215 5205 5186 5170 5150 5132 5094 5085 4908 4873 4788 4770 4692 4682 4645 4504 4358 2860 2821 2786 2738 2702 2267 2254 2235 2184 2180 2153 2099 2085 2007 1952 1907 1860 1825 1783 827 826
	}
	weather={

	}
}
