2 2 1025 7110 
4 4 1052 900 3955 6904 
4 2 5553 1182 
3 10 1185 4075 5467 4529 2149 4568 1990 4496 7531 7492 
3 2 2089 7864 
2 2 2546 1117 
1 2 2568 1025 
2 2 2587 1136 
1 2 4073 2515 
2 3 4073 7011 3996 
1 2 5172 4218 
1 2 5993 3262 
1 2 7072 1136 
2 2 7072 2587 
1 2 7110 5606 
2 3 7125 848 3852 
4 5 7125 7204 4103 7121 4056 
2 3 1092 5507 2568 
1 3 2546 5447 5524 
2 3 2695 2698 964 
2 3 3668 3682 3672 
2 3 3962 7532 5102 
4 3 4052 912 6981 
1 3 4218 7653 1172 
1 3 4572 7652 5116 
1 3 5102 5006 2162 
2 3 5116 7582 4506 
3 3 5553 7157 7087 
2 5 5561 2543 2577 2611 4616 
1 3 6994 5667 3962 
2 3 7072 2531 7212 
2 3 7087 2482 5450 
4 3 7125 5498 4052 
2 3 7212 2599 1092 
2 3 7859 2147 2177 
2 3 957 664 2393 
2 4 1330 2453 4336 1403 
2 10 1330 5416 5273 5201 1650 7034 4202 2178 1492 7562 
1 4 1814 4804 1935 1944 
1 4 1814 4804 7692 1801 
1 21 4948 1781 7849 2012 4498 1700 4927 7717 7916 1791 2056 1891 1969 4972 5028 4997 7910 1993 785 1974 5084 
3 4 2097 3795 1600 5465 
2 4 2197 5195 2203 2211 
2 4 2500 1091 2588 7186 
2 4 2695 916 4642 4572 
2 12 2064 2479 2555 1028 7073 2520 2574 679 1568 7117 992 4145 
2 4 7169 2508 3848 6994 
2 4 7656 5225 4300 1319 
3 4 7864 2004 7874 2097 
1 4 957 810 6811 973 
1 4 964 3783 6851 1150 
3 5 1182 1097 2626 2566 2546 
3 5 2277 4424 7427 4412 5259 
2 5 2587 4142 4172 7102 5524 
2 5 2695 5684 930 4561 4506 
2 5 3852 959 6822 898 6944 
1 5 4506 1588 1933 7832 4725 
2 5 5450 7187 4172 4142 2587 
2 5 5450 7187 5543 2566 2546 
4 5 6981 3970 3895 5650 2695 
1 5 4608 4390 2286 5439 7642 
2 5 7798 4776 1256 1270 1319 
2 6 1117 2610 4067 1063 5660 6994 
3 6 3653 772 654 5846 1530 1599 
2 6 4102 1183 2547 2614 4164 7110 
4 15 2515 1155 2571 4161 4088 4206 1201 1065 2620 792 1108 5480 1088 2532 2113 
1 6 5116 5712 5016 6811 810 957 
2 6 7642 4434 4621 1425 4406 7381 
2 9 3668 4463 7624 4458 7495 7661 7477 7563 7635 
3 7 1182 4188 4100 7016 4118 1024 7169 
4 37 2695 6951 5680 6837 3900 1052 5495 4137 1084 1069 4071 1124 1029 4082 4001 1089 2621 996 7120 7191 2563 7146 1195 4070 1166 1006 4053 1078 1120 1202 1047 7152 1087 7039 5466 4023 1018 
2 7 4725 4792 7801 1850 2321 4805 2393 
2 8 1136 5569 5506 1167 7145 1191 7050 2568 
2 8 1814 4804 1935 7783 1713 7887 1565 4543 
2 8 3668 6701 700 6748 3726 6758 2747 5729 
2 8 4506 2107 4876 4845 4745 7743 4719 4677 
2 8 7798 1985 7755 1667 5088 4732 2147 2177 
3 9 1599 2745 1539 2778 2804 4477 4614 1536 7661 
1 9 2177 7520 5152 4478 4658 5020 2134 5118 7564 
1 9 4725 7763 1888 4744 7851 2037 4939 7725 4677 
3 9 5729 6620 3055 6054 6486 6516 520 465 490 
3 9 7408 5311 5347 2407 5131 7572 7353 7492 1488 
1 10 2177 1537 5120 2212 4127 2114 7577 5211 5225 7656 
4 29 1185 2605 5542 4397 2280 7280 1302 4379 5248 5433 4255 1300 4334 4405 5404 1285 2374 5331 2348 4401 1396 2292 7376 7319 5393 5441 1244 7225 7408 
2 10 7564 7535 7522 4481 2271 7651 5048 5082 4560 7566 
1 13 7656 4295 7679 5197 1241 2191 4234 7632 4256 1526 4217 2157 1652 
3 18 5259 1376 2362 7342 1291 2438 7236 4371 1337 4312 2379 1281 1308 4388 2357 2460 1427 7408 
4 47 2515 5547 2583 7091 4076 4145 1071 2624 747 738 730 726 724 5455 4136 461 5560 7082 1204 4151 2484 5453 2591 4120 1127 1198 4057 2491 5457 5514 4047 1041 1118 5575 7209 4194 1149 1189 2524 2589 7005 5530 2619 7162 5475 2576 5558 
3 13 4133 5577 627 626 1060 647 650 2487 658 7148 753 5448 992 
3 6 4133 613 612 919 7206 4136 
3 2 461 1130 
2 3 992 242 3996 
2 11 4073 2549 4143 7188 7030 5528 1151 2498 1064 1717 2555 
1 3 7188 5525 1568 
2 8 4073 5610 2618 5549 1015 7176 1086 4206 
1 5 5610 1112 5469 2496 1015 
3 10 792 4111 7184 5159 2265 2013 901 4439 4555 5465 
2 5 4439 1634 1606 7671 2113 
1 11 1015 4017 4591 235 4440 1631 218 4951 4667 201 7864 
2 17 7739 2089 5005 5089 7715 4442 1458 1986 1585 1712 1477 4436 7857 5073 7573 1521 2250 
2 12 5073 1703 1794 1555 4492 7907 4553 4609 4901 4473 2148 1536 
1 8 2097 1475 829 5050 7815 7704 4986 4553 
1 2 7890 1458 
1 7 7890 1889 4891 1673 7917 1179 3456 
1 7 4555 4540 5014 1822 1463 2071 4553 
2 28 6948 6092 7018 3981 6935 3902 6866 6107 6208 6130 6055 6155 58 6888 173 6111 6848 7009 6173 6927 6038 3183 3105 133 3136 6160 4021 6115 
1 2 3022 6038 
1 11 122 3114 3862 3129 3049 6864 6072 7037 4105 6854 6115 
1 2 6633 6864 
1 2 3049 6176 
1 2 6055 192 
1 2 4065 6130 
1 3 2995 6991 3981 
1 3 4095 4037 7018 
1 2 64 4037 
1 2 7035 7018 
1 13 3060 6969 6852 6186 3061 204 67 3979 6108 3083 169 3117 32 
1 6 6852 3909 3050 6150 3187 3133 
1 14 3137 32 3119 63 6198 195 132 3125 3932 193 3068 7019 3030 3133 
1 3 3137 6898 67 
2 3 6361 6257 6389 
2 2 3277 6364 
2 2 399 3277 
2 3 3232 317 6389 
3 15 6470 3610 321 6185 3340 349 6282 6390 6309 6672 6260 3222 3416 6734 362 
4 11 3277 332 3232 3231 3368 6361 6470 6637 3841 375 456 
2 5 6287 6393 3260 3325 3277 
5 2 6521 450 
5 2 6521 460 
5 2 6521 455 
5 2 6521 456 
3 3 6282 3207 460 
4 9 460 6114 3097 3438 6595 552 5907 6512 6053 
2 5 3438 3473 6236 6188 6672 
4 8 455 3499 3522 6218 6377 3271 3326 241 
4 12 241 3248 3528 6439 6336 3314 391 3211 5993 3262 6598 6560 
3 6 3262 6496 6500 2886 5964 587 
3 4 6496 3011 6241 391 
3 5 6241 6258 3512 6469 587 
4 7 6469 495 6535 5978 405 3395 6377 
3 6 6258 6157 6663 3737 336 241 
4 5 6469 6570 529 6444 6488 
4 4 6488 3574 6568 5972 
4 4 5972 2956 708 692 
3 4 692 3705 571 2906 
3 6 2906 5921 869 3474 6076 3535 
3 3 5921 6594 6488 
3 5 3535 2976 514 478 3097 
4 3 514 6441 450 
3 7 6488 3397 5962 3500 425 6487 3522 
3 3 3535 6501 425 
3 16 6568 3530 6542 6712 2807 3679 6934 5823 6693 5825 707 6725 532 3541 586 3474 
1 2 692 5825 
1 2 571 3541 
2 9 3530 3558 563 2917 5903 3045 2989 3547 587 
2 3 6444 3423 5903 
3 4 3326 6349 6325 6361 
3 7 3045 6583 6132 6069 3516 516 6560 
3 3 2886 2930 3516 
3 6 362 3380 6402 6332 395 348 
2 10 3380 3351 6397 6375 6238 3179 6457 3384 281 348 
3 2 348 3288 
2 12 2914 3579 6449 5928 2940 5959 6572 3552 542 6536 5977 2994 
4 9 2732 2883 5879 446 2842 2827 2994 503 3495 
4 9 6560 6446 447 2903 5991 3078 485 2885 5900 
5 2 575 447 
2 4 2914 6599 6093 485 
2 3 5928 527 503 
2 2 6599 553 
4 4 5900 553 3509 3495 
3 7 447 2973 2838 3447 6026 3560 5291 
2 4 3078 454 3402 3447 
1 2 6657 446 
1 2 5744 2883 
1 7 5744 6762 743 2758 2755 2413 6766 
3 3 5291 2966 6698 
2 2 3560 6132 
2 10 5291 5918 2952 3629 549 5987 6529 678 698 6698 
1 2 3629 2917 
1 2 5987 6542 
1 2 678 2807 
1 3 2966 2932 3629 
3 7 6698 5833 817 3650 641 5886 6613 
3 4 817 3652 3669 6000 
3 4 6000 3506 5758 5963 
3 6 2966 5983 6545 1119 2902 3402 
2 3 6000 2719 6545 
3 4 5963 2947 5916 3402 
3 3 5963 3549 5900 
3 4 2947 5947 6569 485 
2 5 2947 2963 6949 551 1119 
3 9 5963 5980 512 3493 2814 3671 3659 655 446 
1 4 3509 2998 5997 3671 
3 4 2732 6775 2750 6766 
3 12 6766 943 5760 6962 760 2743 2642 2658 2664 911 3928 5633 
3 7 2658 958 2741 762 780 3589 5886 
2 8 6613 2853 3594 5735 769 3754 2744 6962 
2 8 2883 6792 3598 620 3626 651 669 3671 
2 6 620 6618 5883 2873 5860 3594 
2 3 3754 6773 6618 
2 5 3493 6688 2834 5858 3594 
3 4 5633 2634 3772 6788 
3 3 6780 770 2634 
1 6 6780 611 778 2877 6784 3589 
3 4 6780 3782 776 3780 
3 6 6788 6973 3976 5730 6790 3780 
3 2 6606 5730 
2 4 495 6070 564 5962 
2 3 5921 6555 5972 
3 4 271 221 3209 6103 
3 4 3501 931 3436 6103 
3 3 6050 507 6103 
1 3 6050 3032 3501 
3 5 6050 6489 3422 3463 540 
3 3 3369 6007 3463 
3 4 3369 6221 6818 6103 
3 3 6221 6270 6632 
2 3 3369 6378 377 
2 7 377 407 3274 6363 6256 3205 6384 
3 3 6632 3301 3205 
3 8 271 322 3287 296 6467 3353 6800 3628 
3 4 296 3785 3209 6103 
2 4 6632 3688 364 6800 
3 5 6384 6318 6209 6705 3628 
3 9 3628 3545 3725 351 3624 3200 6179 6200 3273 
3 9 6384 6335 6399 3437 3842 6313 6821 6395 3273 
1 4 3301 6301 253 377 
2 3 6300 6200 3273 
1 7 3273 6385 3913 6046 6104 3159 427 
3 8 3780 773 3776 603 3604 2864 628 6626 
3 3 6606 2717 3776 
2 7 603 5878 2845 5842 2823 673 5825 
2 9 628 5854 6673 3674 6687 653 5829 5820 2787 
1 5 707 688 3675 668 3674 
3 6 532 732 6723 6552 5956 2787 
1 5 688 3684 2797 704 2787 
3 7 6973 6946 2665 6875 6862 2707 5640 
3 5 6946 5635 2635 782 6606 
2 4 5635 5653 3885 6862 
2 3 5640 5702 3885 
2 5 782 5623 967 6926 5702 
2 11 967 925 5678 6831 3966 6939 883 6843 5708 2663 2556 
1 3 3968 5668 2663 
3 5 5640 2660 923 5688 819 
1 8 819 955 851 3968 5529 3901 2501 5562 
1 8 1156 3857 5490 7059 7147 1009 4014 4159 
1 3 923 963 6831 
1 3 851 3958 6843 
1 2 4159 1156 
1 5 2693 902 2705 5663 6891 
1 13 7005 5481 3987 5614 1429 182 1967 1126 250 249 168 4933 7808 
5 22 7069 5494 1194 5544 4097 1111 989 4116 7132 2617 1013 5593 1145 2604 7166 4046 5485 2513 7081 1160 4163 5558 
1 6 1429 7149 7033 1128 4146 5593 
1 3 1111 4154 4933 
1 4 7808 5464 5534 7069 
1 16 3987 5570 4992 264 285 2603 295 4117 1457 244 383 7777 251 254 255 4133 
1 3 1149 4051 285 
5 12 758 2746 885 740 3816 5723 6906 5533 5576 7183 794 885 
5 4 5533 888 3938 885 
3 12 514 573 3138 3462 583 3553 3569 2937 541 6561 3731 5821 
3 5 6076 3585 6418 2908 3462 
2 4 6418 6592 5283 532 
2 4 3569 6562 3414 6053 
2 3 3569 557 5956 
1 4 6418 5936 2926 6552 
1 4 3462 494 3485 5907 
3 4 2787 686 5804 5821 
3 13 3731 6751 3730 746 2777 5809 676 6679 2839 637 818 6658 5851 
3 10 5821 684 2803 646 5861 3649 2793 3630 2861 818 
1 6 5820 3670 6685 2835 6670 2803 
2 5 2803 699 2791 6735 3730 
1 5 2803 6682 5834 2820 676 
3 10 746 5779 727 5930 6584 2915 5769 723 6729 6706 
3 4 5851 674 2810 6706 
3 7 6706 3704 3701 6727 439 2782 431 
3 9 5930 577 3407 414 6600 2748 2769 5796 6727 
2 8 3701 687 5836 657 2846 5709 5627 5642 
2 3 723 565 2748 
2 7 3630 2706 965 949 935 6857 6990 
2 7 949 3971 6982 6952 6814 5648 5642 
2 10 818 5857 3819 6952 6923 893 5704 6990 3936 2670 
1 4 6658 5855 649 5709 
2 17 6626 599 5845 6650 3601 6611 984 3974 3924 2671 6889 5689 5696 5713 5629 3884 2697 
2 10 2697 914 5698 5628 2552 1205 976 1109 3988 4109 
1 2 3943 984 
2 9 6650 3592 3596 624 5881 6647 2872 2868 2863 
2 3 3592 2867 624 
2 9 6611 5888 6983 2878 6799 606 797 5877 2863 
1 5 2803 6643 2684 3614 2863 
1 3 2835 5859 6647 
1 5 5829 2815 665 5856 2867 
2 7 5877 3956 3939 6940 5673 2700 5629 
1 5 6940 5657 2667 907 935 
1 7 907 3833 974 2656 6900 3448 2697 
1 5 3833 936 3844 3973 3864 
1 3 2670 5401 3844 
1 2 3864 976 
1 5 5698 3914 3980 966 3844 
1 4 3980 2685 863 976 
1 7 2582 4178 7096 3988 7211 4193 1173 
3 13 6053 6464 6117 3054 3497 562 3458 6511 3544 6259 6321 6347 6397 
3 10 3438 444 3532 6558 17 2933 493 5979 6164 3544 
2 4 6321 3230 6401 2933 
2 5 6672 3745 279 243 6401 
1 4 362 389 3324 279 
3 10 3497 6499 6522 5995 6031 2979 491 3062 3562 3407 
3 9 2979 536 6580 6059 2992 5933 402 524 3544 
1 4 6238 6476 3182 402 
2 5 3731 5941 3581 3410 6499 
1 5 6053 5927 581 3550 3581 
2 6 3581 6604 2913 5912 6571 5779 
2 4 5912 6123 2901 3562 
2 4 2992 6484 3559 3458 
5 2 6380 598 
5 4 6380 593 6211 6666 
5 5 6380 594 301 3290 3441 
5 4 6380 597 3391 3327 
5 3 598 3259 344 
5 12 6666 3813 344 3358 6623 3327 6348 6290 6662 3441 6827 3243 
5 2 6666 3243 
4 4 344 6764 6245 333 
4 11 333 3176 3101 6880 4066 7022 3892 70 6863 4035 149 
4 5 149 556 589 569 538 
4 3 4035 79 6174 
3 25 6174 6977 3876 104 126 4640 3036 3954 3063 3152 567 83 3174 3638 6475 6817 6425 6222 3525 6322 3296 3319 6739 6314 3288 
3 3 538 4041 70 
1 2 4041 70 
1 2 3060 589 
3 3 589 556 6174 
4 5 589 3151 538 149 4035 
3 6 126 6945 6147 3859 6324 3162 
3 6 3162 6778 207 3815 6293 3808 
3 10 6425 5230 7482 310 6459 3219 3749 6192 323 3808 
3 9 3152 496 6996 6178 6408 6006 3298 3836 7482 
3 4 3836 3298 415 3859 
3 8 3320 6636 3419 233 358 6371 6815 3808 
2 6 281 6407 6360 6296 327 3320 
3 23 3763 6472 352 6305 398 371 3446 3822 6421 6649 6344 6233 3723 6646 342 3453 294 3223 3845 6825 6617 3309 6306 
1 5 3808 3839 6354 3723 6233 
2 6 3309 6306 3256 2921 6546 2992 
2 7 3179 3253 347 318 6359 6617 6825 
2 4 3320 6413 6825 3845 
1 2 3309 6617 
3 15 6546 5969 474 572 6557 6509 3511 3570 6593 441 3543 525 504 2964 6010 
2 3 3562 462 6509 
2 4 488 3452 409 6597 
2 3 431 3738 6597 
3 4 488 2920 5934 2892 
2 2 525 2892 
3 5 2892 489 3568 546 6649 
2 7 6597 3108 6480 6010 2997 5949 3511 
2 14 6509 3511 3570 6593 2980 6556 6232 3203 3293 331 304 360 3845 3223 
3 6 737 568 3722 6724 705 3686 
3 4 3722 5765 5802 5800 
3 10 6136 6106 6493 6474 6776 429 3767 6596 767 737 
1 2 574 2887 
3 3 3121 3399 429 
3 17 2950 3557 3455 3520 5935 2896 3225 288 3306 3335 3390 398 371 3189 6172 6806 3723 
3 9 3335 3226 352 6243 3297 306 3362 3641 3839 
3 4 546 6589 238 3225 
3 21 6290 6396 6262 6315 3250 3199 3346 3318 6477 5899 6577 5971 6517 3409 6554 6530 3003 486 472 3399 3121 
3 11 6554 418 6481 6543 3580 3800 3591 6276 6195 6411 3335 
2 5 3800 3662 302 356 3346 
2 13 6136 585 3128 449 484 3006 6003 6019 6519 2967 5952 6554 418 
2 10 3128 3464 6490 6503 6023 6527 526 3529 490 465 
3 5 3327 274 3227 3345 352 
2 2 3227 3763 
3 9 6623 366 3445 3375 6264 3235 6653 3815 207 
1 4 3375 6412 3215 6245 
3 10 79 6197 117 71 6154 6844 8 6813 3235 6400 
3 7 3763 3279 287 6400 3719 354 3815 
2 6 3227 3620 382 3308 3396 6262 
3 4 437 6591 547 6019 
3 17 6136 3093 2889 765 3752 3734 5784 3717 6736 5791 714 2774 731 6718 6733 5830 3672 
3 4 3734 2721 6741 5800 
1 9 6490 3141 5895 3777 6765 5761 2762 5777 731 
4 26 3441 350 283 3571 397 6216 3257 3238 376 6465 6291 6248 6146 3161 3237 3599 483 3578 6539 6021 6506 6602 2972 3503 6516 6486 
3 11 413 6369 6426 6576 3044 471 313 3332 6353 6382 6146 
3 7 4041 152 6874 6959 3163 4015 3085 
4 36 3085 129 6056 3077 4080 231 3856 121 3220 3116 6135 6756 3812 6370 6184 3208 3691 6462 3383 3282 6749 3315 6338 372 3427 3382 3514 6628 3831 6812 6255 6339 6502 3073 6096 483 
4 5 6666 6271 3240 346 3116 
3 51 6096 6601 3490 6574 5929 2912 5957 2938 3502 3563 4322 1254 4294 7341 5344 7281 7233 4340 4369 1694 1391 1709 4712 4366 1733 7825 7274 7757 7886 4920 4724 1834 1931 1876 7841 4750 4772 7769 1899 4896 7828 7726 1941 2043 4795 7889 2010 4821 7691 1878 7851 
1 13 4772 4815 2041 4964 1762 4837 4979 1902 1696 7860 4729 7786 4677 
2 11 372 3365 228 6323 6388 6278 2337 1365 390 4372 7375 
1 10 4372 2360 361 3280 7320 5443 1962 4242 1292 4369 
1 3 1962 7285 6640 
1 2 5443 1821 
3 7 3490 6430 470 6588 5940 2927 6030 
2 15 6030 3012 6615 6058 642 475 5299 7641 795 2131 5052 7635 4599 5008 2250 
2 11 2250 7491 5182 5129 1649 5071 1623 1554 7501 4893 1459 
1 9 7501 4636 7597 5011 4277 1272 1360 5371 5344 
1 10 1733 1797 7708 4661 5349 4764 1239 2198 2104 5011 
3 7 3338 3075 4008 4079 4040 6193 3166 
3 13 3166 3079 84 3164 174 4005 3175 6928 3849 6143 6868 3905 121 
3 5 5791 6692 2788 672 654 
1 2 6944 973 
4 34 6904 1137 6828 7000 4032 1169 5567 2499 7129 4010 7126 7540 7459 4009 7625 7167 4619 1036 1640 7097 2241 5572 4125 1023 5142 1597 7650 7137 1018 5548 7093 1157 4119 1185 
1 2 6904 5676 
2 3 1069 5518 2499 
2 6 7167 7637 4203 1083 1146 2621 
1 7 2241 4156 4183 7172 4113 1066 4070 
3 2 7071 4053 
3 3 7146 1096 5585 
3 3 1047 7108 5499 
3 5 7039 2570 7135 4160 1070 
1 3 3992 4083 7172 
1 3 3992 1628 7637 
1 2 1489 6904 
3 2 7376 7432 
3 8 4397 1362 1390 4511 2232 2217 4582 2407 
2 11 2277 5245 4367 2307 7399 4355 2383 7329 1279 2450 7236 
2 3 7342 4310 7329 
2 7 2460 4392 1385 1315 7295 2457 1403 
2 4 1403 2341 1253 1488 
3 29 1488 7675 7647 7603 2061 1170 7562 7469 2122 5051 1581 5004 7634 2161 5126 5103 7565 7475 5177 4516 1569 2005 1655 1670 5055 2443 5086 4587 2086 
2 6 5201 1333 1014 2488 1142 5561 
3 3 1609 5487 4245 
3 34 5487 4204 7220 1059 1538 5119 5611 1579 2098 1622 7465 2468 1275 4365 1430 5418 2403 5280 5421 2420 5319 7778 4547 2437 1412 5357 4278 2476 7250 2285 5355 2401 5289 1349 
3 3 1609 4616 5103 
2 14 2285 2439 5063 5246 7060 4072 5537 7150 2593 5583 4064 1147 4003 3456 
2 2 7856 2437 
2 7 2468 4472 7738 5104 5302 4573 2476 
1 6 2098 4557 4883 5526 7430 5246 
2 9 5055 5040 5096 4953 2561 2105 2492 7771 2593 
1 3 4883 1626 4953 
2 10 4003 4110 7084 1971 4407 4488 4617 4679 2032 2086 
1 6 2086 2054 1908 4149 1438 4064 
1 12 2366 5257 7325 4423 1415 7275 7351 7323 445 5295 440 1221 
1 4 2314 5232 1274 1313 
1 13 1274 5420 5262 1373 2367 2243 5356 2402 7327 2276 7673 4652 1648 
1 29 555 9 13 4524 7585 35 1546 16 4509 15 5171 7529 2222 5122 2181 2340 1389 4393 7614 2429 2390 7365 5310 2343 4418 4230 4317 7362 4329 
1 21 2390 120 1259 1222 2459 5422 154 155 156 1310 5012 151 1629 142 7627 4593 61 56 55 51 35 
1 11 5298 1589 5081 2253 7336 2234 1098 4262 1289 5370 5417 
1 5 7336 4537 4564 2141 5346 
1 7 7859 2017 4763 4871 4846 1759 7798 
2 9 7566 2226 4520 5166 4505 5193 5208 1644 156 
1 15 7669 4415 5268 2289 1422 2087 7457 4462 7481 1514 1236 2187 7596 2204 7566 
1 7 7596 1557 1240 4258 2221 2205 4295 
1 5 7481 4487 4220 7586 4167 
1 5 4167 1178 4248 7621 2221 
1 4 4167 7696 2133 2191 
1 5 2197 7839 4819 1917 1814 
1 3 1801 4887 4748 
1 5 4748 4698 4718 1865 1565 
1 3 1858 5285 5303 
1 8 5303 5336 4955 1799 1872 7869 4848 897 
5 33 2435 7291 5875 4345 3605 3778 3635 3661 3608 6510 6012 7366 4869 1782 4688 4775 7899 1769 4875 1873 4872 3721 4789 4882 4739 4728 3706 4765 4877 4343 7853 1858 1408 
5 7 6732 3710 908 3806 5163 3602 3605 
5 44 6785 2042 4884 2174 5212 7628 2106 1528 1643 7599 5094 4650 1615 4756 492 7640 2258 1433 1480 2573 1547 7202 5513 2613 1019 1132 4168 6943 788 2711 865 6846 873 3957 6984 3824 6845 2688 6882 3894 3878 5675 5672 908 
3 15 2258 5136 1556 1584 7388 1699 1913 1843 5682 5037 866 2144 1572 2208 1480 
2 7 4650 4464 7668 7480 4991 5191 7640 
1 3 7552 1453 5094 
5 45 1408 4428 5410 7315 7386 5288 2368 4380 2298 2959 505 3644 610 5753 6757 6681 677 2792 5772 6699 3678 5810 5835 3840 986 6881 2652 5694 2704 7517 1562 2215 7882 7719 853 7747 4796 4335 1653 1954 5038 1723 2019 5061 6785 
5 32 5772 710 4607 2182 4902 4801 4865 4668 4973 3869 7780 2694 4830 3708 5215 7449 4590 5085 720 4508 4531 1595 1881 1445 4452 7547 6971 7588 7646 5202 3823 873 
5 15 4872 4790 1839 1836 7862 3855 4830 4814 4586 1925 2055 1402 5718 1998 5038 
1 11 4489 4924 4976 1397 2059 2018 5049 7911 4391 4959 7890 
1 2 4638 5049 
1 3 5074 1973 4924 
2 19 2064 4665 4963 1630 1531 7925 1596 1914 1435 1613 4447 4470 3930 5079 4634 4229 5210 7659 2196 
2 9 4229 1250 7681 4281 1180 5065 1495 4526 4431 
2 15 4431 1575 1691 4495 4603 7705 4985 7813 1682 5091 5047 2003 1728 4403 4665 
1 5 2003 2088 4597 4669 1596 
1 8 1682 2072 7926 5097 5010 4672 7846 3930 
1 6 5010 7829 4604 4995 2063 1180 
1 4 1435 2040 1984 7926 
3 11 4447 4376 4033 4475 5084 3977 1522 4174 5054 3109 787 
3 3 787 7620 5139 
2 3 7638 2192 787 
1 23 5054 6922 7895 1992 1382 2050 4323 1951 1661 4466 1710 4558 4633 5070 5039 2094 2038 1909 1465 1511 4989 7904 4948 
1 5 7925 2016 4503 7800 4475 
1 3 4603 1775 7829 
1 3 2192 7638 5117 
1 3 5117 1266 4235 
2 10 7659 5224 1312 5180 4212 1846 4271 2083 5199 7872 
3 9 7872 1874 1230 7607 4767 1509 2167 1828 1948 
2 11 7607 2213 5144 2503 1494 1468 7576 1833 4696 2035 1948 
1 5 4879 7605 5189 5107 2167 
3 2 719 5784 
1 5 3093 426 3587 775 5739 
1 5 5739 5793 748 6753 731 
2 4 2887 6423 3043 3121 
3 9 488 5999 5970 559 2950 511 6578 3148 418 
3 8 2950 511 6014 453 3121 588 3573 737 
3 13 3318 413 6317 3527 510 6494 437 6043 3024 487 2970 6087 6602 
4 6 6602 3555 490 3529 526 498 
3 4 498 3487 3461 6486 
4 6 498 2983 469 465 2972 6602 
2 6 6597 2905 574 2887 2740 737 
2 7 525 158 3494 6040 3069 434 6597 
2 7 6010 2964 6497 6040 3042 458 488 
2 4 488 3468 6451 2887 
4 7 3225 5909 6508 2965 6458 2892 525 
3 9 6649 546 5981 3480 2965 6085 6605 559 2950 
3 11 2950 511 6578 3508 3003 486 3466 6474 6505 6519 6019 
3 7 6591 5910 6566 5973 3489 3478 3464 
3 7 2965 3067 463 3001 3520 2925 3580 
3 8 3225 288 343 371 236 3432 3210 306 
3 6 6591 3106 2982 5926 534 6577 
2 3 207 6289 3749 
3 4 3223 3267 6422 358 
2 6 3808 6815 3453 6292 3350 331 
3 7 3859 3993 95 6471 320 6225 8 
3 8 117 4030 3089 6471 3611 6778 6289 3749 
3 4 3815 248 6225 8 
3 7 117 3935 4098 181 3120 126 4640 
3 7 3152 496 6381 308 5990 6817 6425 
2 6 6296 6267 6084 6227 265 6425 
2 7 6425 6222 6342 6009 5752 3337 281 
3 4 8 110 187 6880 
3 8 8 3321 3832 6720 3375 6303 3184 3763 
3 6 3199 6230 6177 6808 3753 6216 
3 5 313 340 3336 3193 6808 
3 6 313 3465 3111 544 5989 3024 
3 10 510 6553 6428 3566 6587 3111 5911 2900 578 3578 
4 12 6338 3804 3637 6277 392 6433 3276 3196 257 3810 3161 6146 
4 14 6338 3804 3286 6234 6312 3197 345 3450 3158 6406 6343 6284 3257 6216 
4 9 3812 3786 6295 6392 6231 6362 3387 330 6216 
4 9 283 214 3202 3633 6231 6261 6299 3303 3208 
3 5 6262 3292 3807 6144 6276 
2 4 2748 5902 6090 6010 
3 5 6880 6910 39 3953 3085 
3 4 6400 6273 3247 306 
2 4 5319 2334 1409 7288 
1 5 7529 5147 7570 46 56 
1 7 154 148 130 136 118 1602 7627 
1 16 4241 1407 1379 2395 1293 4269 1224 4373 1340 1311 4228 2300 1372 5251 2344 1221 
1 2 7184 4440 
