1 8 
1 32 
1 59 
1 70 
1 86 
1 117 
1 121 
1 195 
1 249 
1 279 
1 281 
1 283 
1 285 
1 306 
1 310 
1 313 
1 321 
1 331 
1 352 
1 358 
1 362 
1 371 
1 382 
1 391 
1 402 
1 413 
1 418 
1 439 
1 469 
1 488 
1 490 
1 495 
1 498 
1 510 
1 512 
1 514 
1 516 
1 525 
1 538 
1 541 
1 587 
1 620 
1 650 
1 657 
1 673 
1 676 
1 688 
1 692 
1 700 
1 730 
1 731 
1 737 
1 740 
1 747 
1 758 
1 762 
1 794 
1 819 
1 853 
1 885 
1 925 
1 949 
1 963 
1 974 
1 976 
1 1015 
1 1025 
1 1041 
1 1047 
1 1069 
1 1071 
1 1078 
1 1111 
1 1117 
1 1119 
1 1130 
1 1167 
1 1180 
1 1182 
1 1198 
1 1253 
1 1308 
1 1391 
1 1429 
1 1459 
1 1468 
1 1489 
1 1537 
1 1568 
1 1595 
1 1596 
1 1599 
1 1712 
1 1723 
1 1728 
1 1733 
1 1769 
1 1821 
1 1836 
1 1874 
1 1925 
1 1941 
1 1954 
1 1990 
1 2040 
1 2061 
1 2086 
1 2097 
1 2113 
1 2122 
1 2162 
1 2182 
1 2191 
1 2211 
1 2243 
1 2250 
1 2393 
1 2443 
1 2476 
1 2488 
1 2555 
1 2576 
1 2621 
1 2664 
1 2670 
1 2695 
1 2748 
1 2762 
1 2787 
1 2803 
1 2804 
1 2807 
1 2835 
1 2845 
1 2863 
1 2864 
1 2867 
1 2887 
1 2906 
1 2908 
1 2915 
1 2917 
1 2930 
1 2932 
1 2947 
1 2950 
1 2965 
1 2967 
1 2973 
1 2979 
1 2992 
1 2994 
1 3003 
1 3024 
1 3043 
1 3045 
1 3085 
1 3093 
1 3105 
1 3111 
1 3120 
1 3121 
1 3133 
1 3151 
1 3152 
1 3179 
1 3199 
1 3208 
1 3223 
1 3225 
1 3230 
1 3243 
1 3273 
1 3276 
1 3296 
1 3298 
1 3320 
1 3335 
1 3375 
1 3379 
1 3402 
1 3438 
1 3453 
1 3464 
1 3497 
1 3500 
1 3502 
1 3509 
1 3520 
1 3522 
1 3535 
1 3544 
1 3552 
1 3560 
1 3562 
1 3569 
1 3578 
1 3580 
1 3581 
1 3594 
1 3630 
1 3652 
1 3661 
1 3671 
1 3672 
1 3686 
1 3706 
1 3723 
1 3730 
1 3734 
1 3749 
1 3763 
1 3776 
1 3780 
1 3785 
1 3808 
1 3812 
1 3813 
1 3815 
1 3816 
1 3831 
1 3859 
1 3869 
1 3938 
1 3957 
1 3958 
1 3977 
1 3979 
1 3980 
1 3987 
1 3992 
1 4075 
1 4076 
1 4102 
1 4133 
1 4151 
1 4167 
1 4212 
1 4310 
1 4335 
1 4345 
1 4407 
1 4439 
1 4447 
1 4463 
1 4475 
1 4492 
1 4506 
1 4511 
1 4516 
1 4553 
1 4604 
1 4619 
1 4668 
1 4677 
1 4688 
1 4725 
1 4748 
1 4772 
1 4830 
1 4872 
1 4879 
1 4882 
1 4920 
1 4953 
1 4963 
1 5005 
1 5010 
1 5050 
1 5073 
1 5085 
1 5103 
1 5131 
1 5142 
1 5144 
1 5202 
1 5215 
1 5225 
1 5246 
1 5433 
1 5524 
1 5533 
1 5572 
1 5576 
1 5611 
1 5629 
1 5633 
1 5635 
1 5640 
1 5642 
1 5676 
1 5718 
1 5723 
1 5729 
1 5739 
1 5779 
1 5791 
1 5821 
1 5829 
1 5851 
1 5888 
1 5907 
1 5972 
1 5973 
1 5979 
1 5987 
1 5990 
1 6000 
1 6009 
1 6010 
1 6019 
1 6030 
1 6040 
1 6093 
1 6103 
1 6115 
1 6136 
1 6146 
1 6179 
1 6209 
1 6216 
1 6227 
1 6231 
1 6245 
1 6258 
1 6262 
1 6276 
1 6282 
1 6290 
1 6296 
1 6306 
1 6312 
1 6318 
1 6332 
1 6338 
1 6377 
1 6380 
1 6397 
1 6400 
1 6418 
1 6425 
1 6464 
1 6465 
1 6471 
1 6474 
1 6486 
1 6488 
1 6496 
1 6509 
1 6521 
1 6552 
1 6558 
1 6577 
1 6591 
1 6593 
1 6597 
1 6602 
1 6606 
1 6613 
1 6623 
1 6626 
1 6632 
1 6640 
1 6649 
1 6672 
1 6698 
1 6706 
1 6766 
1 6780 
1 6788 
1 6799 
1 6808 
1 6852 
1 6874 
1 6880 
1 6888 
1 6906 
1 6926 
1 6928 
1 6940 
1 6944 
1 6952 
1 6962 
1 6994 
1 7009 
1 7034 
1 7069 
1 7097 
1 7125 
1 7126 
1 7137 
1 7183 
1 7184 
1 7186 
1 7197 
1 7233 
1 7288 
1 7295 
1 7366 
1 7375 
1 7547 
1 7638 
1 7642 
1 7661 
1 7738 
1 7808 
1 7851 
1 7856 
1 7859 
1 7862 
1 7864 
1 7882 
1 7890 
